20  SHDFAC  DROOT   RS      RGL     HS      SNUP    LAIMIN  LAIMAX  EMISMIN EMISMAX ALBMIN  ALBMAX  Z0MIN   Z0MAX   ROUGH
1   0.70    0.6     125.0   30.0    47.35   0.08    5.00    6.40    0.950   0.950   0.12    0.12    0.50    0.50    0.070   # Evergreen Needleleaf Forest
2   0.95    0.6     150.0   30.0    41.69   0.08    3.08    6.48    0.950   0.950   0.12    0.12    0.50    0.50    0.070   # Evergreen Broadleaf Forest
3   0.70    0.6     150.0   30.0    47.35   0.08    1.00    5.16    0.930   0.940   0.14    0.15    0.50    0.50    0.070   # Deciduous Needleleaf Forest
4   0.80    0.6     100.0   30.0    54.53   0.08    1.85    3.31    0.930   0.930   0.16    0.17    0.50    0.50    0.070   # Deciduous Broadleaf Forest
5   0.80    0.6     125.0   30.0    51.93   0.08    2.80    5.50    0.930   0.970   0.17    0.25    0.20    0.50    0.060   # Mixed Forests
6   0.70    0.4     300.0   100.0   42.00   0.03    0.50    3.66    0.930   0.930   0.25    0.30    0.01    0.05    0.045   # Closed Shrublands
7   0.70    0.4     170.0   100.0   39.18   0.035   0.60    2.60    0.930   0.950   0.22    0.30    0.01    0.06    0.045   # Open Shrublands
8   0.70    0.4     300.0   100.0   42.00   0.03    0.50    3.66    0.930   0.930   0.25    0.30    0.01    0.05    999.9   # Woody Savannas
9   0.50    0.4     70.0    65.0    54.53   0.04    0.50    3.66    0.920   0.920   0.20    0.20    0.15    0.15    999.9   # Savannas
10  0.80    0.4     40.0    100.0   36.35   0.04    0.52    2.90    0.920   0.960   0.19    0.23    0.10    0.12    0.040   # Grasslands
11  0.60    0.1     70.0    65.0    55.97   0.015   1.75    5.72    0.950   0.950   0.14    0.14    0.30    0.30    999.9   # Permanent wetlands
12  0.80    0.4     40.0    100.0   36.25   0.04    1.56    5.68    0.920   0.985   0.17    0.23    0.05    0.15    0.040   # Croplands
13  0.10    0.05    200.0   999.0   999.0   0.04    1.00    1.00    0.880   0.880   0.15    0.15    0.50    0.50    0.010   # Urban and Built-Up
14  0.80    0.4     40.0    100.0   36.25   0.04    2.29    4.29    0.920   0.980   0.18    0.23    0.05    0.14    999.9   # cropland/natural vegetation mosaic
15  0.00    0.05    999.0   999.0   999.0   0.02    0.01    0.01    0.950   0.950   0.55    0.70    0.001   0.001   999.9   # Snow and Ice
16  0.01    0.05    999.0   999.0   999.0   0.02    0.10    0.75    0.900   0.900   0.38    0.38    0.01    0.01    0.035   # Barren or Sparsely Vegetated
17  0.00    0.0     100.0   30.0    51.75   0.01    0.01    0.01    0.980   0.980   0.08    0.08    0.0001  0.0001  0.035   # Water
18  0.60    0.4     150.0   100.0   42.00   0.025   0.41    3.35    0.930   0.930   0.15    0.20    0.30    0.30    999.9   # Wooded Tundra
19  0.60    0.4     150.0   100.0   42.00   0.025   0.41    3.35    0.920   0.920   0.15    0.20    0.15    0.15    999.9   # Mixed Tundra
20  0.30    0.1     200.0   100.0   42.00   0.02    0.41    3.35    0.900   0.900   0.25    0.25    0.05    0.10    999.9   # Barren Tundra
TOPT_DATA       298.0
CFACTR_DATA     0.5
RSMAX_DATA      5000.0
BARE            16
NATURAL         14
